site_id,R2_Snow,R2_No_Snow,elv,delta_R2
1AD,0.9261357634415324,0.956271426237108,1325,0.03013566279557567
1GD,0.9738088672211648,0.962445018501818,1950,-0.011363848719346814
1GS,0.952418557326576,0.960398142116024,1195,0.007979584789448047
1GT,0.9613405580887808,0.9627680358186544,1510,0.0014274777298736163
1LS,0.9147021235977036,0.9593460565916592,1300,0.044643932993955526
1MI,0.9640446965024316,0.967007091694098,1320,0.0029623951916664115
1MR,0.9663801313052148,0.971791094702733,1650,0.00541096339751812
2AN,0.9785896542546614,0.9685446109796904,1440,-0.010045043274971022
2RI,0.8940977486327922,0.9339937142036534,1640,0.03989596557086117
2ST,0.9639733547724278,0.9707939865733995,1280,0.006820631800971699
2TR,0.9787232045151354,0.9408612355902134,1780,-0.037861968924921996
3BR,0.9710087627886768,0.9664731100357336,1310,-0.004535652752943209
3EL,0.9360686594729748,0.965912534730985,1690,0.029843875258010244
3FB,0.9603176464591068,0.9713614088024444,1310,0.011043762343337593
3MB,0.9618103100877788,0.970008871770875,1610,0.008198561683096184
3SW,0.9418252932461194,0.913760015856888,1350,-0.02806527738923137
4BP,0.9499118335016984,0.9640841679717956,1670,0.014172334470097248
4FY,0.9770355247572212,0.969253087776502,1500,-0.007782436980719232
4KU,0.9615130903984496,0.9564489199358556,2210,-0.005064170462593998
4MS,0.9855801943667128,0.9839773791395162,1410,-0.00160281522719663
4SF,0.9432978469144306,0.9358078951345904,1790,-0.007489951779840243
4UL,0.9672211856811408,0.9578081975945912,1345,-0.009412988086549556
4WI,0.9763134372858344,0.9711151384916704,1450,-0.005198298794164002
4ZE,0.9615421716741868,0.9601789035501564,1600,-0.0013632681240303146
5AR,0.9480006599678072,0.9559493374616276,1845,0.007948677493820333
5BI,0.9754928433468928,0.9747771805876848,1770,-0.0007156627592079801
5DF,0.9701916833799388,0.9611408405930132,1560,-0.009050842786925584
5DI,0.9258711738084752,0.9373083563320056,1190,0.011437182523530431
5JU,0.9846550303756526,0.9727636892080086,2117,-0.01189134116764401
5KK,0.9728631515578816,0.9628430351258916,1190,-0.010020116431989967
5RU,0.9194805533909048,0.9663549080328449,1200,0.04687435464194001
5SE,0.9669023941760456,0.9727041922659464,1420,0.005801798089900778
5SP,0.960503230398194,0.9592664836291714,1457,-0.0012367467690225231
5ZV,0.9655378945040132,0.956914820357762,1735,-0.008623074146251186
6NT,0.9527597808976892,0.9584220037949904,1412,0.005662222897301228
6RO,0.9838236091171378,0.9619430917978226,1890,-0.021880517319315285
6SB,0.9521714968199582,0.9672474580974296,1640,0.015075961277471461
7CO,0.8720092804410117,0.8727955920468293,2690,0.0007863116058176578
7LD,0.9316049881717622,0.906113486344728,1710,-0.02549150182703419
7MA,0.9645320823332604,0.9670845400988962,1810,0.0025524577656358405
7MT,0.9672175429315256,0.9570541361803004,2150,-0.010163406751225179
7SN,0.8752592560884354,0.9049969260709336,1750,0.02973766998249827
7ST,0.945314321201636,0.9439397951989148,1415,-0.0013745260027212547
7ZU,0.9660192635090386,0.9592131106533062,1710,-0.006806152855732384
